4 1.38 4 0.93 4 1.38 1 1.38 12 1.38 8 1.38 4 1.6 1 1.14 1 1.6
261 1.38 265 2.05 257 1.84 254 1.84 257 2.05 254 1.84 261 1.6 261 2.05 250 2.29
507 1.6 514 2.05 503 2.05 503 2.51 511 2.05 507 2.05 500 1.84 511 3.64 500 2.96
760 2.29 756 2.51 756 2.96 753 3.42 753 3.18 764 3.64 760 2.51 753 6.37 753 4.76
1010 2.73 1010 2.96 1010 2.96 1017 3.18 1006 3.42 1006 5.91 1006 3.42 1013 9.75 1006 10.2
1259 3.64 1256 3.87 1252 4.09 1252 3.87 1259 5.67 1259 9.29 1256 5.67 1259 14.94 1259 14.51
1509 3.64 1498 4.76 1520 5.46 1516 4.33 1505 8.16 1509 14.51 1501 8.84 1509 21.05 1512 24.91
1766 5 1758 6.37 1758 8.16 1758 6.13 1762 13.15 1758 21.75 1766 20.84 1758 30.8 1758 35.09
2019 7.71 2015 9.07 2008 10.87 2012 9.75 2012 21.51 2012 30.11 2012 32.84 2008 51.17 2015 55.24
2514 18.8 2315 16.31 2182 14.27 2518 25.13 2511 53.87 2265 41.87 2308 46.18 2265 64.51 2265 66.31
